120
0.979616364189 0.00573768621165 0.200795562627 -0.000702510934813 -0.999488023408 0.0319874591566 0.200876294003 -0.0314764995171 -0.979110792753 5.41186859192 0.261001157774 0.516177926876 3024.0 4032.0 3281.01128729
0.979670146599 0.00572934899927 0.200533235207 -0.00174043216993 -0.999311768223 0.0370534854766 0.200607514212 -0.0366492080425 -0.97898593493 5.37583519052 0.0667793848576 0.646385741845 3024.0 4032.0 3281.01128729
0.979994640573 0.00567880468196 0.198942845123 -0.00275726225484 -0.999109521879 0.042101790883 0.199004778719 -0.0418080670216 -0.979106318833 5.28790968967 -0.12537688984 0.772140491465 3024.0 4032.0 3281.01128729
0.980582171077 0.00558620646432 0.196029079639 -0.00372186668745 -0.998884063188 0.0470826509246 0.196073336982 -0.046898002165 -0.979467112219 5.14897513363 -0.313329290657 0.893095790751 3024.0 4032.0 3281.01128729
0.981417100629 0.00545210891153 0.191809147596 -0.00460455188271 -0.998639291161 0.0519457818464 0.191831365254 -0.0518636737812 -0.980056573187 4.96047387329 -0.494985681993 1.00895217668 3024.0 4032.0 3281.01128729
0.982476232337 0.00527748037913 0.186313180142 -0.00537817801944 -0.99838015494 0.0566404574703 0.186310300561 -0.0566499287034 -0.980856389836 4.72439198228 -0.668323180336 1.11945757767 3024.0 4032.0 3281.01128729
0.983729491143 0.00506371589996 0.179584651449 -0.00601922563172 -0.998112536629 0.061115735676 0.17955516472 -0.0612023120945 -0.981842258113 4.44323771421 -0.831410406801 1.22440728705 3024.0 4032.0 3281.01128729
0.985140879604 0.00481264887006 0.171680766959 -0.00650877584041 -0.997843086606 0.0653208263132 0.171624832614 -0.0654676479189 -0.982984691593 4.12001423631 -0.982428736134 1.32364344843 3024.0 4032.0 3281.01128729
0.986669694237 0.00452655946471 0.16267275351 -0.0068333590573 -0.997579012986 0.0692056215428 0.162592188247 -0.0693946907806 -0.984250048114 3.75818693781 -1.11969230913 1.41705406627 3024.0 4032.0 3281.01128729
0.988271975148 0.00420817745704 0.152645977281 -0.00698562353092 -0.997327829618 0.0727213952972 0.152544105758 -0.0729348442967 -0.985601747303 3.36164567042 -1.24166658899 1.50457155976 3024.0 4032.0 3281.01128729
0.989902145694 0.00386067705707 0.14169981342 -0.00696477479121 -0.997097070276 0.0758216615371 0.141581191769 -0.0760429327341 -0.987001640586 2.9346623343 -1.34698525799 1.5861708834 3024.0 4032.0 3281.01128729
0.991514781659 0.00348766157778 0.129947196847 -0.00677674132956 -0.996893980269 0.078463162571 0.129817231247 -0.0786780040444 -0.988411482203 2.48184427343 -1.43446526926 1.66186724184 3024.0 4032.0 3281.01128729
0.993066432753 0.00309313618628 0.117513797688 -0.00643403173616 -0.996725200011 0.0806069407571 0.11737829175 -0.0808041346165 -0.989794437474 2.00808399057 -1.50311988837 1.73171343117 3024.0 4032.0 3281.01128729
0.994517405555 0.00268146770287 0.104536786727 -0.00595526427615 -0.996596457893 0.0822194316573 0.104401460122 -0.0823912000496 -0.99111655484 1.51850573219 -1.55216958174 1.79579684265 3024.0 4032.0 3281.01128729
0.995833408847 0.00225733132043 0.0911631848917 -0.00536437080322 -0.996512291265 0.0832735064991 0.0910332101498 -0.083415572971 -0.992348122806 1.01840952811 -1.5810506323 1.85423616811 3024.0 4032.0 3281.01128729
0.996986961858 0.00182564514811 0.0775478233473 -0.00468950120555 -0.996475814299 0.0837493886327 0.0774274270821 -0.0838607091414 -0.993464833297 0.513213298315 -1.58942138784 1.90717784987 3024.0 4032.0 3281.01128729
0.997958474536 0.0013914945208 0.0638509737175 -0.00396167956617 -0.996488549532 0.0836353737813 0.0637431423503 -0.0837175871339 -0.994448680128 0.00839366099836 -1.57716607336 1.95479231987 3024.0 4032.0 3281.01128729
0.998736926827 0.000960048932037 0.0502357372665 -0.00321328568639 -0.996550336057 0.0829282973434 0.0501420560782 -0.0829849746112 -0.99528853515 -0.490573910317 -1.54439612547 1.99727007546 3024.0 4032.0 3281.01128729
0.999320099663 0.000536475117324 0.0368653035262 -0.00247645240656 -0.996659322012 0.0816337125857 0.0367859428737 -0.0816695049666 -0.995980364448 -0.978274925264 -1.49144903405 2.03481764021 3024.0 4032.0 3281.01128729
0.999714341503 0.000125850144674 0.0239001998946 -0.001781477773 -0.996812042698 0.0797657687774 0.0238340456114 -0.0797855606826 -0.996527070669 -1.44941505556 -1.41888470375 2.06765345952 3024.0 4032.0 3281.01128729
0.999933887178 -0.00026692169 0.0114956525188 -0.0011553502558 -0.997003579204 0.0773468048535 0.0114405611666 -0.077354972743 -0.996937972871 -1.8988780064 -1.32747937482 2.09600378101 3024.0 4032.0 3281.01128729
0.99999977683 -0.000637184803313 -0.000200834451868 -0.000620475100982 -0.997227786531 0.074406698494 -0.00024768851344 -0.0744065572759 -0.997227959338 -2.32178144664 -1.21821717005 2.12009856947 3024.0 4032.0 3281.01128729
0.999938448416 -0.000980598495604 -0.011051597478 -0.000193672113916 -0.997477575685 0.0709820293935 -0.011093325531 -0.0709755199509 -0.997416369274 -2.71353038525 -1.09227935994 2.14016750568 3024.0 4032.0 3281.01128729
0.999780095134 -0.0012931917116 -0.0209305764307 0.000114507607777 -0.997745231333 0.0671151267662 -0.0209701755485 -0.0671027645335 -0.997525674221 -3.06986740976 -0.951031463915 2.15643611681 3024.0 4032.0 3281.01128729
0.999556888251 -0.00157140579361 -0.0297247007228 0.000300123072417 -0.998022745751 0.0628530738327 -0.0297646951164 -0.0628341439657 -0.997580038532 -3.38691923623 -0.796008328503 2.16912208472 3024.0 4032.0 3281.01128729
0.999301166187 -0.00181212562678 -0.0373349093764 0.000365843383082 -0.998302150575 0.0582467365264 -0.0373770707259 -0.0582196904669 -0.997603840322 -3.66123906138 -0.628897346052 2.17843177576 3024.0 4032.0 3281.01128729
0.999043683973 -0.0020127004141 -0.0436768422617 0.00032062655069 -0.998575830081 0.0533498713833 -0.043722016325 -0.0533128560016 -0.997620230686 -3.88984425273 -0.451519997653 2.18455703319 3024.0 4032.0 3281.01128729
0.998812005319 -0.00217095592253 -0.0486812590375 0.000179112130187 -0.998836802776 0.0482183506541 -0.048729313046 -0.048169786914 -0.997649801122 -4.07024896429 -0.265811922438 2.18767226992 3024.0 4032.0 3281.01128729
0.998629104805 -0.00228520036984 -0.0522942529921 -3.92279121406e-05 -0.999078961471 0.0429095234959 -0.0523441448292 -0.042848647642 -0.997709418567 -4.20049132049 -0.0738017315386 2.18793189558 3024.0 4032.0 3281.01128729
0.998512232405 -0.00235422617067 -0.0544773288386 -0.000311131065252 -0.999297265279 0.0374817129107 -0.0545272861576 -0.0374089992434 -0.997811275663 -4.27915487062 0.122411201233 2.18546810802 3024.0 4032.0 3281.01128729
0.998472078018 -0.00237730955398 -0.0552074072777 -0.000610728784741 -0.999487879767 0.031993830791 -0.055255193687 -0.0319112299609 -0.997962192156 -4.30538407901 0.320679728694 2.18038907476 3024.0 4032.0 3281.01128729
0.998512260958 -0.0023542096456 -0.0544768061895 -0.000910824579544 -0.999648263723 0.0265050794165 -0.0545200432341 -0.026416027961 -0.998163192245 -4.27889368111 0.518832447749 2.17277752542 3024.0 4032.0 3281.01128729
0.998629158428 -0.002285168036 -0.0522932303939 -0.00118421824619 -0.999777202547 0.021074697958 -0.0523297388215 -0.0209838812883 -0.998409372533 -4.19997180312 0.71469748736 2.16268977105 3024.0 4032.0 3281.01128729
0.998812077459 -0.00217090918366 -0.0486797809689 -0.00140502995887 -0.999874789394 0.0157617075391 -0.0487079029797 -0.0156745873008 -0.998690065786 -4.06947681101 0.906126306396 2.15015516147 3024.0 4032.0 3281.01128729
0.999043765805 -0.00201264130419 -0.0436749731592 -0.00154997794134 -0.999942355971 0.0106246084301 -0.0436938390835 -0.0105467535712 -0.998989296447 -3.8888279234 1.09101724064 2.1351759861 3024.0 4032.0 3281.01128729
0.999301247697 -0.00181205672604 -0.0373327309565 -0.00159956234542 -0.999982355693 0.0057209880052 -0.0373424390011 -0.00565727442097 -0.999286514217 -3.65998969112 1.26733854092 2.11772781911 3024.0 4032.0 3281.01128729
0.999556959506 -0.00157133011975 -0.0297223085226 -0.00153910635026 -0.999998202841 0.00110700795556 -0.0297239945819 -0.00106077171241 -0.999557581588 -3.3854505134 1.43315064995 2.09776030378 3024.0 4032.0 3281.01128729
0.999780147587 -0.0012931125898 -0.0209280756738 -0.00135960450247 -0.999994072656 -0.00316324664068 -0.0209238611918 0.00319100509919 -0.999775979667 -3.068195426 1.58662747378 2.07519836618 3024.0 4032.0 3281.01128729
0.99993847611 -0.000980519411752 -0.0110490984133 -0.00105832938864 -0.999974669011 -0.00703855635669 -0.0110419170875 0.0070498169029 -0.999914184392 -2.71167345917 1.72607641463 2.04994384315 3024.0 4032.0 3281.01128729
0.999999777355 -0.000637109246419 -0.000198447356628 -0.000639152364111 -0.999944968331 -0.0104714751994 -0.000191764962066 0.010471599706 -0.999945152909 -2.31975992309 1.84995694576 2.02187750437 3024.0 4032.0 3281.01128729
0.999933862247 -0.000266852990947 0.0114978224455 -0.000112543463628 -0.999909950559 -0.013419318437 0.0115003680583 0.0134171369087 -0.999843848794 -1.89671403364 1.95689752454 1.99086144388 3024.0 4032.0 3281.01128729
0.999714297084 0.000125908969944 0.0239020574884 0.000504769638142 -0.999874329926 -0.0158451747183 0.0238970586655 0.0158527127385 -0.99958872647 -1.44713234251 2.04571065857 1.95674181181 3024.0 4032.0 3281.01128729
0.999320045605 0.000536521511578 0.0368667681922 0.00119048401028 -0.999842299685 -0.0177188743551 0.036851447734 0.0177507156267 -0.999163091239 -0.975898481811 2.11540595942 1.91935185314 3024.0 4032.0 3281.01128729
0.998736876015 0.000960080919063 0.0502367468266 0.00191772225679 -0.999817305361 -0.0190178401019 0.0502093101769 0.0190901583395 -0.998556253311 -0.488129773273 2.16520104106 1.87851521637 3024.0 4032.0 3281.01128729
0.997958441651 0.00139151079876 0.0638514873352 0.00265630423341 -0.999801860344 -0.0197277495106 0.063811384447 0.019857083135 -0.997764402785 0.010878713156 2.19453014339 1.83404949184 3024.0 4032.0 3281.01128729
0.996986961858 0.00182564514811 0.0775478233473 0.003374219483 -0.999797415482 -0.0198429493429 0.0774958871747 0.020044825156 -0.996791147862 0.515712038835 2.2030503861 1.78576993658 3024.0 4032.0 3281.01128729
0.995833455344 0.00225731522673 0.0911626773668 0.00403921244108 -0.999804290989 -0.0193665816238 0.0911011195297 0.0196541153173 -0.995647679539 1.02089458027 2.19064558445 1.73349334007 3024.0 4032.0 3281.01128729
0.994517509261 0.00268143643389 0.104535800906 0.00462038237231 -0.999821674659 -0.0183104054911 0.104468061335 0.0186930142344 -0.994352550849 1.52094986924 2.15742758479 1.67704198355 3024.0 4032.0 3281.01128729
0.993066600164 0.00309309133825 0.117512384131 0.00508969916552 -0.999847685624 -0.0166943258338 0.117442848231 0.0171766800813 -0.992931084749 2.01046043402 2.1037351051 1.61624764411 3024.0 4032.0 3281.01128729
0.991515014124 0.00348760533538 0.129945424602 0.00542334472016 -0.999879498217 -0.0145456652274 0.129879036407 0.0151269842958 -0.991414449284 2.48412698648 2.03013009306 1.55095559413 3024.0 4032.0 3281.01128729
0.989902438973 0.00386061207757 0.141697766354 0.00560280641355 -0.999913516525 -0.0118982364989 0.141639577363 0.0125719984838 -0.989838459032 2.93682630707 1.93739164138 1.48102854628 3024.0 4032.0 3281.01128729
0.988272319493 0.00420810673554 0.152643749825 0.00561567156263 -0.999945587273 -0.00879128691003 0.152598449389 0.00954538267102 -0.988242176247 3.36366719397 1.82650752682 1.40635049466 3024.0 4032.0 3281.01128729
0.986670074998 0.00452648618879 0.162670446077 0.00545609673097 -0.999971237123 -0.00526839015562 0.162641919911 0.00608570859902 -0.986666392474 3.7600438639 1.69866346544 1.32683040373 3024.0 4032.0 3281.01128729
0.985141278279 0.00481257627192 0.171678481296 0.00512494997778 -0.999985920162 -0.00137635921997 0.171669440257 0.00223575191023 -0.985152071863 4.12168622007 1.55523020156 1.24240569779 3024.0 4032.0 3281.01128729
0.983729886781 0.00506364711348 0.179582486149 0.00462964501894 -0.999985262326 0.00283575713703 0.179594198794 -0.00195821588486 -0.983738831779 4.44470643704 1.39774857166 1.1530455061 3024.0 4032.0 3281.01128729
0.982476603149 0.00527741830788 0.186311226502 0.00398370199576 -0.999965291211 0.00731754685922 0.186343377621 -0.00644711017678 -0.982463526238 4.72564135254 1.22791270663 1.05875362103 3024.0 4032.0 3281.01128729
0.981417425668 0.00545205611256 0.191807485985 0.00320607941221 -0.999922642013 0.0120179467314 0.191858170664 -0.011179672311 -0.981358984917 4.96149020262 1.0475515563 0.959571129587 3024.0 4032.0 3281.01128729
0.98058243183 0.00558616505137 0.196027776468 0.00232032607322 -0.999854732651 0.0168857834339 0.196093626806 -0.0161030542221 -0.980452946944 5.14974728691 0.858608938178 0.855578682293 3024.0 4032.0 3281.01128729
0.979994822351 0.00567877625002 0.19894195049 0.00135360154852 -0.999759903329 0.0218701499355 0.199018380878 -0.0211633455686 -0.979767215657 5.28842920703 0.663122329058 0.746898366935 3024.0 4032.0 3281.01128729
0.979670239605 0.00572933457196 0.200532781255 0.00033561023724 -0.999637517609 0.0269206380809 0.200614328996 -0.0263060471048 -0.979317049217 5.37609638003 0.463200631373 0.63369515924 3024.0 4032.0 3281.01128729
0.979616364189 0.00573768621165 0.200795562627 -0.000702510934813 -0.999488023408 0.0319874591566 0.200876294003 -0.0314764995171 -0.979110792753 5.41186859192 0.261001157774 0.516177926876 3024.0 4032.0 3281.01128729
0.979832786106 0.00570406789238 0.199737765284 -0.00172931639723 -0.999312973319 0.0370214913468 0.19981171321 -0.0366202808048 -0.979149750701 5.39543442144 0.0587060858044 0.394599968069 3024.0 4032.0 3281.01128729
0.980311142149 0.00562909825597 0.197378767428 -0.00271415699531 -0.999115004291 0.0419742963247 0.197440365504 -0.0416835873333 -0.979428292739 5.32705443137 -0.141501359595 0.269259071219 3024.0 4032.0 3281.01128729
0.981035507693 0.00551377146806 0.193749660566 -0.0036282387365 -0.998897777213 0.0467981469898 0.193794139563 -0.0466136139149 -0.979934182723 5.2075580931 -0.337460735063 0.140497087053 3024.0 4032.0 3281.01128729
0.981983028217 0.00535945253437 0.188893114123 -0.00444560900032 -0.998665877486 0.0514461048599 0.188916830524 -0.0513589467685 -0.98064911652 5.03833447871 -0.527057958438 0.0086990102645 3024.0 4032.0 3281.01128729
0.983124772484 0.00516787336444 0.182863268083 -0.00514404389288 -0.998424678383 0.0558721792011 0.182863939971 -0.0558699801426 -0.98154945101 4.82131682315 -0.70824838094 -0.125708427061 3024.0 4032.0 3281.01128729
0.984426784852 0.00494112826048 0.175725611444 -0.0057058095936 -0.998180170017 0.0600315910336 0.175702444498 -0.0600993630304 -0.982607102336 4.55896112626 -0.879079099364 -0.262258642534 3024.0 4032.0 3281.01128729
0.985851308176 0.00468166727773 0.167556796817 -0.00611826985319 -0.9979387581 0.0638811541568 0.167510492036 -0.0640024770919 -0.983790586448 4.25421902973 -1.03771026408 -0.400447558022 3024.0 4032.0 3281.01128729
0.987358141374 0.00439228581956 0.158444338766 -0.0063743122468 -0.997707038335 0.0673797729361 0.158376983193 -0.0675379410614 -0.985066169205 3.91050526658 -1.18243514964 -0.539736403447 3024.0 4032.0 3281.01128729
0.988906087468 0.00407610891173 0.148486145833 -0.00647256830317 -0.997491554145 0.0704890436145 0.148400997395 -0.0706681310512 -0.986399087198 3.53166004059 -1.31169876829 -0.67955494655 3024.0 4032.0 3281.01128729
0.990454439623 0.00373656884783 0.137789843906 -0.00641740793001 -0.997298547251 0.0731739333827 0.137691030594 -0.0733597008205 -0.987754794668 3.1219067483 -1.42411482275 -0.819305120572 3024.0 4032.0 3281.01128729
0.991964445765 0.00337737530266 0.126471861195 -0.00621869696137 -0.997133712152 0.0754035005689 0.126364022356 -0.0755840818294 -0.989100187255 2.68580550734 -1.51848081271 -0.958365017277 3024.0 4032.0 3281.01128729
0.993400687917 0.00300247754249 0.11465626182 -0.00589131797724 -0.99700196652 0.0771516113053 0.114544164488 -0.0773179402411 -0.990404750846 2.22820300081 -1.59379112974 -1.09609320859 3024.0 4032.0 3281.01128729
0.994732311814 0.00261601897701 0.10247333447 -0.00545446804875 -0.996907249681 0.0783976039905 0.102361499652 -0.0785435673869 -0.991641584148 1.75417918787 -1.64924799746 -1.23183335632 3024.0 4032.0 3281.01128729
0.995934046402 0.00222228493611 0.090057962821 -0.00493076149707 -0.996852360503 0.079126853536 0.0899503352349 -0.0792491817568 -0.992788247504 1.26899146466 -1.68427013718 -1.36491906613 3024.0 4032.0 3281.01128729
0.996986961858 0.00182564514811 0.0775478233473 -0.0043451795321 -0.996838844164 0.0793311929876 0.0774475132006 -0.079429124292 -0.993827397949 0.778016888072 -1.69849906439 -1.49467893892 3024.0 4032.0 3281.01128729
0.9978789284 0.00143049287647 0.0650814715967 -0.00372392007037 -0.996866934459 0.0790091602363 0.0649905891216 -0.0790839343487 -0.994747181274 0.286693095725 -1.69180294725 -1.62044177046 3024.0 4032.0 3281.01128729
0.998604755313 0.00104118298278 0.052796388174 -0.00309320862632 -0.996935554843 0.0781660511406 0.0527159817002 -0.0782203006164 -0.99554136521 -0.199541430027 -1.664277985 -1.74154184828 3024.0 4032.0 3281.01128729
0.999166008739 0.000661971287986 0.0408270593351 -0.00247813390213 -0.997042377576 0.0768137759136 0.040757156823 -0.0768508888156 -0.996209212493 -0.675307099209 -1.61624729138 -1.85732429335 3024.0 4032.0 3281.01128729
0.999570525977 0.000296957489943 0.0293031638901 -0.00190156920019 -0.997183936632 0.0749705312605 0.0292429073845 -0.0749940553587 -0.99675510735 -1.13534229749 -1.54825729552 -1.96715039335 3024.0 4032.0 3281.01128729
0.999831661342 -4.99664188756e-05 0.018347928523 -0.00138323340828 -0.997355786738 0.0726603146479 0.0182957821113 -0.0726734625758 -0.997187962319 -1.57456116792 -1.46107169976 -2.07040287427 3024.0 4032.0 3281.01128729
0.99996731256 -0.00037516076388 0.00807669893542 -0.000938934065874 -0.997552698474 0.0699123177263 0.00803070445927 -0.0699176159594 -0.997520443281 -1.98810945765 -1.35566306088 -2.16649105717 3024.0 4032.0 3281.01128729
0.999998786051 -0.000675274935756 -0.00140424373572 -0.000580021366984 -0.997768877859 0.0667602422876 -0.00144619221476 -0.0667593467527 -0.997768058293 -2.3714178175 -1.23320208702 -2.25485584812 3024.0 4032.0 3281.01128729
0.999949563952 -0.000947275985757 -0.00999861090882 -0.000313067527037 -0.997998198426 0.0632415838376 -0.0100385029074 -0.0632352639417 -0.997948159903 -2.72025196999 -1.09504476785 -2.33497451063 3024.0 4032.0 3281.01128729
0.999844035543 -0.00118846935948 -0.0176207868863 -0.00013977227903 -0.998234434264 0.0593969251164 -0.0176602676543 -0.0593851984096 -0.998078911287 -3.03075919608 -0.942717478842 -2.40636517203 3024.0 4032.0 3281.01128729
0.999706251626 -0.00139651255234 -0.0241962851004 -5.70835825793e-05 -0.998471483786 0.0552692754424 -0.0242364849232 -0.0552516589719 -0.998178264129 -3.29951063076 -0.777900223207 -2.46859101776 3024.0 4032.0 3281.01128729
0.99955875352 -0.00156942283936 -0.029662015659 -5.75136800764e-05 -0.998703575716 0.0509034826382 -0.0297034501898 -0.050879315684 -0.998262991542 -3.52353890412 -0.602408195096 -2.52126413063 3024.0 4032.0 3281.01128729
0.99942151978 -0.00170558045696 -0.0339664068619 -0.000129624665168 -0.998925450755 0.0463457336921 -0.0340089546627 -0.0463145207178 -0.998347813226 -3.70037071519 -0.418171866107 -2.56404893549 3024.0 4032.0 3281.01128729
0.999311064795 -0.00180372869162 -0.0370694259659 -0.000258654536879 -0.999132514339 0.0416431493599 -0.0371123817137 -0.041604871753 -0.998444643318 -3.82805398147 -0.227215813418 -2.59666521389 3024.0 4032.0 3281.01128729
0.999239714835 -0.00186297226815 -0.0389425426925 -0.000427253756468 -0.999320957626 0.0368434675822 -0.0389847374143 -0.0367988176927 -0.998561984689 -3.90517926654 -0.0316365215225 -2.61889065741 3024.0 4032.0 3281.01128729
0.999215079572 -0.00188277524842 -0.0395686733769 -0.000616302869212 -0.999487845268 0.0319948016354 -0.0396086471142 -0.0319453019751 -0.998704487201 -3.93089525101 0.166420599162 -2.63056293319 3024.0 4032.0 3281.01128729
0.999239730747 -0.00186295937417 -0.0389421350133 -0.00080578301867 -0.999631169561 0.0271454518626 -0.0389783428426 -0.0270934350991 -0.998872681859 -3.90491807704 0.364784724993 -2.63158124001 3024.0 4032.0 3281.01128729
0.999311094454 -0.00180370344111 -0.03706862763 -0.000975672466802 -0.99974987128 0.0223437449779 -0.0370996571913 -0.0222921854087 -0.999062897873 -3.8275344641 0.56128340548 -2.62190733842 3024.0 4032.0 3281.01128729
0.999421559116 -0.001705543905 -0.0339652512842 -0.00110684301926 -0.999843827982 0.0176378724758 -0.0339900290283 -0.017590075808 -0.999267365203 -3.69959856191 0.753766362728 -2.60156604395 3024.0 4032.0 3281.01128729
0.999558797044 -0.00156937651947 -0.0296605513977 -0.0011819302648 -0.999913810845 0.0130756996848 -0.0296785156759 -0.0130348739441 -0.99947450081 -3.52252257479 0.940129043196 -2.57064517773 3024.0 4032.0 3281.01128729
0.999706293114 -0.00139645841864 -0.0241945740162 -0.00118615077092 -0.999961411449 0.00870451948939 -0.0242057958822 -0.00867326449946 -0.999669372307 -3.2982612605 1.11833566376 -2.52929497441 3024.0 4032.0 3281.01128729
0.999844068834 -0.00118840971148 -0.017618901751 -0.00110803810939 -0.99998894028 0.00457072962985 -0.0176241387904 -0.00455049449606 -0.999834327642 -3.02929047326 1.28644149962 -2.47772695297 3024.0 4032.0 3281.01128729
0.999949583792 -0.000947213377765 -0.00999663252601 -0.000940068335375 -0.999999299353 0.000719419603556 -0.00999730696577 -0.000709985815449 -0.999949773625 -2.71857998624 1.44261416984 -2.41621226127 3024.0 4032.0 3281.01128729
0.99999878888 -0.000675212073519 -0.0014022576595 -0.000679145010082 -0.999995832168 -0.00280613778879 -0.00140035707701 0.00280708672651 -0.99999507962 -2.36956089141 1.58515368755 -2.34507951065 3024.0 4032.0 3281.01128729
0.999967297178 -0.000375100391907 0.00807860597327 -0.000326914819654 -0.999982155286 -0.00596508480427 0.00808069931851 0.00596224871315 -0.999949575673 -1.98608793411 1.71251105493 -2.26471212227 3024.0 4032.0 3281.01128729
0.999831629343 -4.99112027158e-05 0.0183496723409 0.000110111965052 -0.999961977062 -0.00871965054203 0.0183494098407 0.00872020292722 -0.999793607311 -1.57239719516 1.8233051996 -2.17554521139 3024.0 4032.0 3281.01128729
0.999570481909 0.000297005081484 0.0293046665814 0.000620655981316 -0.999938910325 -0.0110358689769 0.0292995986596 0.0110493169881 -0.999509602812 -1.13305958444 1.9163380668 -2.07806204106 3024.0 4032.0 3281.01128729
0.999165959947 0.000662009095204 0.040828252814 0.00118898907921 -0.999916286967 -0.0128843068714 0.0408163054288 0.0129221051901 -0.999083103855 -0.672930655756 1.99060770209 -1.97279008041 3024.0 4032.0 3281.01128729
0.998604711446 0.00104120925627 0.0527972173637 0.00179547963795 -0.999896983216 -0.0142407586812 0.0527769507544 0.0143156850423 -0.99850370787 -0.197097292983 2.04531918153 -1.86029670738 3024.0 4032.0 3281.01128729
0.997878900631 0.00143050636164 0.0650818970833 0.00241734845958 -0.999883264685 -0.0150868628029 0.0650527178743 0.0152121876914 -0.997765870955 0.289178147883 2.07989326949 -1.74118459849 3024.0 4032.0 3281.01128729
0.996986961858 0.00182564514811 0.0775478233473 0.00302960640891 -0.999876659913 -0.0154105952273 0.0775101243137 0.0155991018987 -0.996869524386 0.780515628592 2.09397270954 -1.61608685221 3024.0 4032.0 3281.01128729
0.995934085178 0.00222227134923 0.0900575343405 0.00360613134661 -0.999877870062 -0.0152066030941 0.090012742421 0.0154695336388 -0.995820465612 1.27147651682 2.08742607957 -1.48566189417 3024.0 4032.0 3281.01128729
0.994732398509 0.00261599230621 0.102472493581 0.00412083068728 -0.999886720586 -0.0144763513938 0.102423015533 0.0148223675397 -0.994630495867 1.75662332492 2.06034916907 -1.35058821541 3024.0 4032.0 3281.01128729
0.993400828703 0.00300243887619 0.114655043033 0.00454882855953 -0.999902158373 -0.0132280701124 0.114604108525 0.013662321946 -0.99331729033 2.23057944427 2.01306386373 -1.21155899565 3024.0 4032.0 3281.01128729
0.991964642943 0.00337732626784 0.126470315957 0.00486761405297 -0.999922295065 -0.0114765049184 0.126421728688 0.0119998957909 -0.991904001916 2.68808822039 1.94611454961 -1.06927666498 3024.0 4032.0 3281.01128729
0.990454691028 0.00373651153795 0.137788038314 0.00505808976469 -0.999944494511 -0.00924249020166 0.13774585565 0.0098512120433 -0.990418614967 3.12407072107 1.86026207661 -0.924447457699 3024.0 4032.0 3281.01128729
0.988906386251 0.00407604579362 0.148484157684 0.00510546743923 -0.999965499683 -0.00655237704734 0.148452327145 0.00723776853954 -0.988893078786 3.53368156414 1.75647534751 -0.777776011651 3024.0 4032.0 3281.01128729
0.987358476197 0.00439221962423 0.158442254116 0.00499996890569 -0.999981592268 -0.00343735898836 0.158424239918 0.00418611187681 -0.987362262128 3.91236219267 1.63592062493 -0.629960065978 3024.0 4032.0 3281.01128729
0.985851663811 0.00468160088082 0.167554706214 0.00473730426418 -0.999988776649 6.72559249484e-05 0.167553140554 0.000727453258719 -0.98586277742 4.25589101349 1.49994867361 -0.481685308657 3024.0 4032.0 3281.01128729
0.984427143148 0.00494106455815 0.175723606024 0.00431891367754 -0.999982979256 0.00392277748036 0.175739997774 -0.00310275354267 -0.984431727497 4.56042984909 1.35007987909 -0.333620423476 3024.0 4032.0 3281.01128729
0.983125113614 0.00516781515017 0.182861435706 0.00375197259587 -0.999960254105 0.00808782486277 0.182895964099 -0.00726525264149 -0.983105427927 4.82256619341 1.18798750603 -0.186412383704 3024.0 4032.0 3281.01128729
0.981983332113 0.00535940238178 0.188891535698 0.00304917154136 -0.999916985899 0.0125189402304 0.188942949075 -0.0117174279469 -0.981918155386 5.03935080804 1.01547927985 -0.040682036829 3024.0 4032.0 3281.01128729
0.981035755548 0.00551373162399 0.193748406704 0.00222828996616 -0.99985008282 0.0171710980594 0.193814037315 -0.0164137335277 -0.980900967627 5.20833024638 0.834477493772 0.102979978595 3024.0 4032.0 3281.01128729
0.980311317859 0.0056290705474 0.197377895527 0.00131158898497 -0.999757152252 0.0219980966073 0.197453791587 -0.0213061044018 -0.98008063449 5.32757394873 0.646997859303 0.244016946689 3024.0 4032.0 3281.01128729
0.979832877543 0.00570405364988 0.19973731714 0.000325050297463 -0.999636653614 0.026952830905 0.199818483701 -0.0263443451892 -0.979478712912 5.39569561095 0.45512733232 0.381909385465 3024.0 4032.0 3281.01128729
