120
0.88597594512 -0.0941199150561 0.45407936119 -0.140252498751 -0.987713912032 0.0689236140453 0.442013417514 -0.124750429133 -0.888291319989 4.75605129624 0.100782629545 -0.258575169985 3024.0 4032.0 3352.25220653
0.884787071576 -0.0946511867556 0.456281701165 -0.148692894993 -0.985314400109 0.0839401924939 0.441635891828 -0.142115044183 -0.885867401627 4.73802375355 -0.0614110255289 -0.206402088213 3024.0 4032.0 3352.25220653
0.885901015977 -0.0941534935449 0.454218570233 -0.155993583952 -0.982625686227 0.100562232143 0.436858548797 -0.159943366293 -0.885196434653 4.66821116448 -0.223299460018 -0.151203571895 3024.0 4032.0 3352.25220653
0.889366648621 -0.0925867973245 0.447721620297 -0.161819027746 -0.979636417231 0.11885744526 0.42759977383 -0.178157725052 -0.886238262785 4.54739034956 -0.383077036444 -0.0933876613274 3024.0 4032.0 3352.25220653
0.895177010417 -0.0898951534953 0.43655123571 -0.165759870861 -0.976342045717 0.138851989462 0.413741205627 -0.196659785272 -0.888899962663 4.37689692059 -0.538961419739 -0.033392153435 3024.0 4032.0 3352.25220653
0.9032539906 -0.086007395783 0.420398568428 -0.167328110622 -0.972748336413 0.160505381225 0.39513735822 -0.215321624268 -0.89303027175 4.15861061484 -0.689213191986 0.028319658574 3024.0 4032.0 3352.25220653
0.913426192508 -0.0808397405924 0.398895383755 -0.16595957387 -0.968875605293 0.183677655988 0.371631552321 -0.233976489865 -0.898412484057 3.89493466796 -0.832154996225 0.0912635293203 3024.0 4032.0 3352.25220653
0.92540055921 -0.0743012461227 0.371635748869 -0.161029188749 -0.964763440776 0.208089172502 0.343079298973 -0.252410039749 -0.904757296986 3.58876945176 -0.966189999354 0.154939040812 3024.0 4032.0 3352.25220653
0.938730350987 -0.0663032980947 0.338214725873 -0.151886088817 -0.960475349351 0.233276058165 0.309379934966 -0.270353427851 -0.911697910434 3.2434806656 -1.08981947161 0.218834566522 3024.0 4032.0 3352.25220653
0.952785461205 -0.0567742793263 0.298289366426 -0.137915970807 -0.956102395295 0.258548631223 0.270516265523 -0.287480244396 -0.918790541511 2.86286243018 -1.20165928976 0.282432367019 3024.0 4032.0 3352.25220653
0.966735759378 -0.0456799945951 0.251665074324 -0.118635597006 -0.951764575271 0.282966055175 0.226600014703 -0.303409840566 -0.925524122854 2.45109568799 -1.30045518306 0.345213762722 3024.0 4032.0 3352.25220653
0.979562961924 -0.0330488759257 0.198404071095 -0.0938167026045 -0.94760856992 0.305346400874 0.17791804276 -0.317719640587 -0.931342794059 2.01270236647 -1.38509655453 0.406664328472 3024.0 4032.0 3352.25220653
0.990118374255 -0.0189982897076 0.138941246396 -0.0636225802134 -0.9438008406 0.324333378747 0.124971085651 -0.329968238275 -0.935683274127 1.55249580589 -1.45462872617 0.466279054343 3024.0 4032.0 3352.25220653
0.997237948711 -0.00375491317444 0.0741779905229 -0.0287226259354 -0.940515846531 0.338533533323 0.0684944115263 -0.339729073015 -0.938025944491 1.07552799548 -1.50826347345 0.523567417467 3024.0 4032.0 3352.25220653
0.999908655444 0.0123401559151 0.00551373926855 0.00966326124305 -0.93792024924 0.346716350132 0.00944998152792 -0.346631398778 -0.937953821481 0.58703419568 -1.54538773375 0.578058310546 3024.0 4032.0 3352.25220653
0.997453726807 0.0288495638334 -0.0652208980728 0.0498339002879 -0.936155000025 0.34803792654 -0.0510161274588 -0.350401938629 -0.935208979931 0.0923755534938 -1.56557039281 0.629304774294 3024.0 4032.0 3352.25220653
0.989681848826 0.0452825577499 -0.135938692314 0.0898014057159 -0.935317972509 0.342222146907 -0.11164920795 -0.350898532721 -0.929733657613 -0.403019660308 -1.56856707497 0.676888483131 3024.0 4032.0 3352.25220653
0.976945099418 0.0611539492559 -0.204544536014 0.127572301136 -0.93545032886 0.329633114567 -0.171182886719 -0.348127673026 -0.921685164559 -0.893715548275 -1.55432288432 0.720423936102 3024.0 4032.0 3352.25220653
0.960080424424 0.0760427718827 -0.269189664515 0.161434764282 -0.936529916268 0.311208182437 -0.228439041143 -0.342241453917 -0.911419986451 -1.37432816571 -1.52297306662 0.75956230819 3024.0 4032.0 3352.25220653
0.940255493084 0.0896340079608 -0.328459057332 0.19016738321 -0.938474046865 0.288275614167 -0.282411002068 -0.333514929167 -0.899450842422 -1.83958452959 -1.47484158457 0.793994920842 3024.0 4032.0 3352.25220653
0.918773867619 0.101734481958 -0.381450750898 0.213121497961 -0.941151659927 0.262321901721 -0.332315824611 -0.322309863636 -0.886387355797 -2.28438041049 -1.4104376219 0.823456294647 3024.0 4032.0 3352.25220653
0.896898241618 0.112264455611 -0.427750203026 0.230181792017 -0.94440195067 0.234779254181 -0.377610760978 -0.309033408512 -0.872873682509 -2.70383627415 -1.33045005441 0.847726751631 3024.0 4032.0 3352.25220653
0.875728711229 0.121233591791 -0.467334613046 0.241647442985 -0.948054726143 0.206878586462 -0.417978154487 -0.294099732165 -0.85953453096 -3.09335075984 -1.23573994837 0.866634539481 3024.0 4032.0 3352.25220653
0.856144276847 0.128711441703 -0.500450139372 0.248085477119 -0.951947980795 0.17957905753 -0.453288620269 -0.277899993946 -0.846936255039 -3.44865110949 -1.12733116849 0.880057455215 3024.0 4032.0 3352.25220653
0.838795483735 0.134800030143 -0.527495107407 0.250195768903 -0.955940004652 0.153560361843 -0.483553734024 -0.260782781985 -0.835564555814 -3.76583999506 -1.006399198 0.887923951209 3024.0 4032.0 3352.25220653
0.824128657728 0.13961232745 -0.548926546576 0.248707740031 -0.959915504492 0.129254339517 -0.508877603713 -0.243044486173 -0.82581654269 -4.04143823102 -0.874258293455 0.890213712101 3024.0 4032.0 3352.25220653
0.812423952452 0.143257368768 -0.565194345138 0.244312755837 -0.96378675753 0.106894168907 -0.529413447901 -0.224927571241 -0.81800304943 -4.27242290403 -0.73234711479 0.886957696823 3024.0 4032.0 3352.25220653
0.803834937853 0.145831104163 -0.576699819443 0.237627074764 -0.967491447142 0.0865660039882 -0.545328126935 -0.206624269547 -0.812356845979 -4.45626050191 -0.582212988019 0.878237645787 3024.0 4032.0 3352.25220653
0.798422970376 0.147411494123 -0.583772739836 0.229176997526 -0.970988769367 0.0682547695682 -0.55677523668 -0.188283459614 -0.809043061064 -4.59093467898 -0.425494972909 0.864185059056 3024.0 4032.0 3352.25220653
0.79618355672 0.148056434387 -0.586660921014 0.219398172116 -0.974255004915 0.051880896975 -0.563876037867 -0.170019050802 -0.80816912604 -4.67496835359 -0.263905921107 0.844979657033 3024.0 4032.0 3352.25220653
0.797064230912 0.147803424203 -0.585527761592 0.208642770795 -0.977279299688 0.0373277992549 -0.566706984248 -0.151918788161 -0.80979248935 -4.70743989556 -0.0992137212542 0.820847340811 3024.0 4032.0 3352.25220653
0.800974543764 0.146670267608 -0.580454660453 0.197190230873 -0.980060027008 0.0244613227239 -0.565292661451 -0.134052885315 -0.813925076926 -4.68799322641 0.0667780634873 0.79205767471 3024.0 4032.0 3352.25220653
0.807789121648 0.144656428269 -0.571446631548 0.185258898776 -0.982601854981 0.0131428692602 -0.559603319657 -0.116482240485 -0.820533979967 -4.61684172139 0.232249953345 0.758920918722 3024.0 4032.0 3352.25220653
0.81734478864 0.141744924048 -0.558440572477 0.173017100279 -0.984913498466 0.00323783104936 -0.549556711808 -0.099266192863 -0.829538210971 -4.49476587093 0.39538648884 0.721784643393 3024.0 4032.0 3352.25220653
0.829432738725 0.13790485443 -0.541316527603 0.160592927643 -0.987006066283 -0.00537928540707 -0.535024526094 -0.0824698505218 -0.840801689004 -4.32310472678 0.55439612823 0.681029964203 3024.0 4032.0 3352.25220653
0.843786878468 0.133094810853 -0.519912949491 0.148082491389 -0.988891891181 -0.0128219850118 -0.515844239542 -0.0661709821572 -0.854123013185 -4.10374122685 0.707530887487 0.637067436586 3024.0 4032.0 3352.25220653
0.860069860167 0.127267522951 -0.494047379544 0.135556633732 -0.990583730899 -0.0191903916127 -0.491837610075 -0.0504663222441 -0.869223167912 -3.8390815593 0.853105507584 0.590332656368 3024.0 4032.0 3352.25220653
0.877859055694 0.120376118222 -0.463544030808 0.123066223844 -0.992094239286 -0.0245708144799 -0.462837101889 -0.03547690146 -0.88573314637 -3.53202879224 0.989515939057 0.541281613549 3024.0 4032.0 3352.25220653
0.89663574799 0.112382271037 -0.428269261776 0.110646211391 -0.993435619369 -0.0290359445096 -0.428721064715 -0.021351705447 -0.903184562171 -3.18595105776 1.11525694125 0.490385850005 3024.0 4032.0 3352.25220653
0.915781930959 0.103266227408 -0.388174627204 0.0983186443994 -0.994619382349 -0.0326454961665 -0.389457185184 -0.00826864762046 -0.921007454028 -2.804644639 1.2289386034 0.438127473722 3024.0 4032.0 3352.25220653
0.93458984329 0.0930381672637 -0.343344905674 0.0860948848015 -0.995656148594 -0.0354472083152 -0.345151409719 0.00356836076323 -0.938540234178 -2.39229236473 1.32930160635 0.384994083708 3024.0 4032.0 3352.25220653
0.952288989026 0.0817496280315 -0.294045370134 0.0739772880388 -0.996555441646 -0.0374781613635 -0.296096339449 0.0139373613525 -0.955056389813 -1.95341776726 1.41523105783 0.33147366061 3024.0 4032.0 3352.25220653
0.968093124461 0.0695029209725 -0.240759312067 0.06196064157 -0.997325447737 -0.0387663538603 -0.242809763533 0.022611839193 -0.969810354379 -1.49283550604 1.48576874926 0.278049478381 3024.0 4032.0 3352.25220653
0.981265146087 0.0564559540505 -0.184204881385 0.0500336539281 -0.997972742475 -0.0393324134914 -0.186051999582 0.0293790831835 -0.982100566603 -1.01559860005 1.54012370009 0.225195092043 3024.0 4032.0 3352.25220653
0.991191697507 0.0428200557773 -0.125321433192 0.0381807191615 -0.998502018373 -0.0391912233824 -0.126811874359 0.0340611527861 -0.991341811079 -0.526943047303 1.57768087364 0.17336945567 3024.0 4032.0 3352.25220653
0.997453726807 0.0288495638334 -0.0652208980728 0.0263840393839 -0.998915870408 -0.0383531786547 -0.066256662643 0.0365347302406 -0.997133525733 -0.0322304381612 1.59800796908 0.123012223264 3024.0 4032.0 3352.25220653
0.999877069256 0.0148239649979 -0.00510846718866 0.0146260033709 -0.999214698383 -0.0368248090521 -0.00565034518156 0.0367455656926 -0.999308679539 0.463110808685 1.60086021486 0.0745392830844 3024.0 4032.0 3352.25220653
0.998550454339 0.00102556826485 0.0538139233803 0.00289156747831 -0.999396758669 -0.0346086347648 0.05374596708 0.0347140745592 -0.997951052933 0.953644943708 1.58618311096 0.0283385734077 3024.0 4032.0 3352.25220653
0.993806636494 -0.0122828996801 0.11044229098 -0.00882965467031 -0.999458353239 -0.0317023238739 0.110771866735 0.0305308125678 -0.99337679811 1.43398846556 1.55411308971 -0.0152337754656 3024.0 4032.0 3352.25220653
0.986172339117 -0.02487644394 0.163845293179 -0.0205417891821 -0.999394101894 -0.028097401964 0.164444983071 0.024343205147 -0.986085825832 1.8988691288 1.50497608786 -0.0558569317602 3024.0 4032.0 3352.25220653
0.976300128207 -0.0365788279765 0.21330740495 -0.0322415943445 -0.999197224584 -0.0237778463515 0.214005932761 0.0163369436204 -0.976695738199 2.34318373376 1.4392840452 -0.0932484482168 3024.0 4032.0 3352.25220653
0.96489752934 -0.047265747313 0.258338357594 -0.043917673217 -0.998859771097 -0.0187188584978 0.258928553568 0.00671616074838 -0.965873126933 2.76205406533 1.35772936804 -0.12716691089 3024.0 4032.0 3352.25220653
0.952665870884 -0.0568613116379 0.298654532349 -0.0555497223704 -0.998372765814 -0.0128859933855 0.29890126597 -0.00431413024584 -0.954274290486 3.15088036768 1.26117741802 -0.157414122954 3024.0 4032.0 3352.25220653
0.940255802973 -0.0653300536235 0.334142198876 -0.0671075174498 -0.997726269854 -0.00623470490357 0.333789763291 -0.0165612359764 -0.942502052722 3.50539176901 1.1506571082 -0.183836800854 3024.0 4032.0 3352.25220653
0.92824088517 -0.072666834868 0.364812815303 -0.0785493854032 -0.99690938942 0.00128970539732 0.363591602147 -0.0298529797088 -0.931079989287 3.82169310372 1.02734970936 -0.206327765521 3024.0 4032.0 3352.25220653
0.917106745169 -0.0788865569466 0.390758402468 -0.0898199836094 -0.995910273978 0.00975175518473 0.38839102527 -0.044041313762 -0.9204416191 4.09630761901 0.892575988956 -0.224826616941 3024.0 4032.0 3352.25220653
0.907251487498 -0.0840148895176 0.412111922628 -0.100847267249 -0.994716153876 0.0192250333394 0.408319197591 -0.059002301292 -0.910930382258 4.32621509784 0.74778182328 -0.239319886055 3024.0 4032.0 3352.25220653
0.898992823505 -0.0880805814086 0.429014818468 -0.111538569657 -0.993313469463 0.0297909191114 0.423522196308 -0.0746335217005 -0.902806062603 4.50888498054 0.594522440415 -0.249840663721 3024.0 4032.0 3352.25220653
0.892578081564 -0.0911094585194 0.441591932536 -0.121775755949 -0.991688147147 0.0415365389807 0.434137113796 -0.0908497956837 -0.896254027075 4.64230412207 0.434445466236 -0.256467712228 3024.0 4032.0 3352.25220653
0.888194230821 -0.0931199531842 0.449932975736 -0.131409459125 -0.989826084074 0.0545516025376 0.440275552794 -0.10757786764 -0.891394660072 4.72499888073 0.269272959066 -0.259324070536 3024.0 4032.0 3352.25220653
0.88597594512 -0.0941199150561 0.45407936119 -0.140252498751 -0.987713912032 0.0689236140453 0.442013417514 -0.124750429133 -0.888291319989 4.75605129624 0.100782629545 -0.258575169985 3024.0 4032.0 3352.25220653
0.8860103948 -0.0941044725885 0.454015339549 -0.148072750336 -0.985340119887 0.0847308016522 0.4393859817 -0.142299671045 -0.886955896708 4.73510917982 -0.0692115487543 -0.254426482581 3024.0 4032.0 3352.25220653
0.888337875425 -0.0930548055816 0.449662787256 -0.154586021626 -0.98269661703 0.102031959679 0.43238753567 -0.160150435642 -0.887351597148 4.66239000565 -0.238879125776 -0.247120729105 3024.0 4032.0 3352.25220653
0.892947638145 -0.0909378277059 0.440879606042 -0.159449948638 -0.979780809293 0.12085230499 0.42097533112 -0.178213010844 -0.889392991514 4.53867856103 -0.406393141955 -0.236934679118 3024.0 4032.0 3352.25220653
0.899768499277 -0.087706950219 0.427462441148 -0.162260593077 -0.976598221315 0.141164492912 0.405077952552 -0.196375673158 -0.892943697748 4.36531838076 -0.569950057179 -0.224175579409 3024.0 4032.0 3352.25220653
0.908654141452 -0.0833042940757 0.409155283249 -0.162554314808 -0.973165620249 0.162864269572 0.384608561994 -0.214497249759 -0.897812443602 4.14419705968 -0.727789423653 -0.209177251473 3024.0 4032.0 3352.25220653
0.91936368388 -0.0776649162477 0.385666407077 -0.159818530314 -0.969514461013 0.18574107584 0.359483593689 -0.232400238102 -0.903748679224 3.87772560404 -0.878213087348 -0.192295902278 3024.0 4032.0 3352.25220653
0.93153933428 -0.0707237664209 0.356696814608 -0.153515890735 -0.965694278999 0.209445531823 0.329647296334 -0.249865380499 -0.910439427775 3.56881204791 -1.01960370791 -0.173905695646 3024.0 4032.0 3352.25220653
0.944684937415 -0.062426089896 0.321983465915 -0.143126663229 -0.96177542287 0.233458335117 0.295101893072 -0.26662899179 -0.917509593106 3.22082962369 -1.15044239433 -0.15439413423 3024.0 4032.0 3352.25220653
0.958151977952 -0.0527416751878 0.281359383787 -0.128212748924 -0.957850309052 0.257068622087 0.255941942948 -0.282384668753 -0.924528323359 2.83757983513 -1.26932526344 -0.134157304101 3024.0 4032.0 3352.25220653
0.971142504755 -0.0416825076588 0.234829308252 -0.108502659069 -0.954032295435 0.279373499534 0.212389755953 -0.296791084472 -0.931023975923 2.42325083765 -1.37497873995 -0.113595035435 3024.0 4032.0 3352.25220653
0.982740040414 -0.0293219075705 0.182653329299 -0.0839891011914 -0.950451433301 0.299312385005 0.164826708542 -0.309487154294 -0.936509400635 1.98237158163 -1.46627343076 -0.0931060336972 3024.0 4032.0 3352.25220653
0.991977424621 -0.0158112788701 0.125422456138 -0.055020362363 -0.947246823324 0.315747075089 0.113813658094 -0.320114759363 -0.940517406574 1.51976222112 -1.54223642155 -0.0730830360137 3024.0 4032.0 3352.25220653
0.997942361043 -0.00138890513587 0.0641023788813 -0.0223570941703 -0.944555997215 0.327588352152 0.0600932972633 -0.328347436518 -0.942643493881 1.04048133127 -1.60206186139 -0.0539080470789 3024.0 4032.0 3352.25220653
0.999907176254 0.0136249208437 2.02062290388e-05 0.0128359649919 -0.942502461476 0.333952613577 0.00456912234613 -0.333921355478 -0.942589863873 0.549770512491 -1.64511971937 -0.035947708081 3024.0 4032.0 3352.25220653
0.997453726807 0.0288495638334 -0.0652208980728 0.0490819127177 -0.941183064412 0.334313333728 -0.0517400108501 -0.336663247075 -0.940202546979 0.0529969884954 -1.67096261768 -0.0195488505954 3024.0 4032.0 3352.25220653
0.990556662411 0.043880398342 -0.129892298439 0.0847598292064 -0.940657116836 0.328603043044 -0.107764882524 -0.336509582607 -0.935493469196 -0.444405173206 -1.67933066633 -0.00503428533632 3024.0 4032.0 3352.25220653
0.979596350231 0.0583319540959 -0.192323617232 0.118311878306 -0.940939231886 0.317231242707 -0.162460118385 -0.333512735932 -0.928642000399 -0.936994574259 -1.67015424687 0.00730112696527 3024.0 4032.0 3352.25220653
0.965295819007 0.071876896516 -0.25107308409 0.148434965703 -0.941997538135 0.301011127875 -0.214874481417 -0.327832807838 -0.919975329746 -1.41938207997 -1.64355471464 0.0171940784349 3024.0 4032.0 3352.25220653
0.948602546979 0.0842715286592 -0.305043467924 0.174209017547 -0.943758028369 0.281019575997 -0.264205272603 -0.319717208398 -0.909932129658 -1.88628984249 -1.59984301214 0.0244160501845 3024.0 4032.0 3352.25220653
0.930551498277 0.0953638688425 -0.353524598258 0.19513998856 -0.946114363612 0.258433735862 -0.309829459411 -0.309472686171 -0.899017442876 -2.33260910601 -1.5395162088 0.0287761452799 3024.0 4032.0 3352.25220653
0.91214419944 0.105086290537 -0.396168942459 0.211125816864 -0.948941009444 0.234386113173 -0.351310188981 -0.297435425153 -0.887757466306 -2.75345616079 -1.4632520052 0.0301234866058 3024.0 4032.0 3352.25220653
0.894264641846 0.113438374701 -0.432923186593 0.222372992929 -0.952106869943 0.209863670563 -0.388382546415 -0.283944084904 -0.876661139944 -3.14422583294 -1.37190126215 0.028349152516 3024.0 4032.0 3352.25220653
0.877636319989 0.12046620735 -0.463942219164 0.229295307267 -0.955486908561 0.185656752189 -0.420925351935 -0.26931888247 -0.866192350257 -3.50064192401 -1.26647863655 0.0233876282873 3024.0 4032.0 3352.25220653
0.862813192809 0.126242819276 -0.489506021307 0.23241901966 -0.95897029276 0.162349551596 -0.448926267459 -0.253847844554 -0.856753452401 -3.81880404779 -1.14815142681 0.0152177567678 3024.0 4032.0 3352.25220653
0.850192782334 0.130852280381 -0.509950893308 0.232307554296 -0.962464774497 0.140338013628 -0.472446222425 -0.237779811108 -0.848678577758 -4.09523035117 -1.01822675 0.00386317716472 3024.0 4032.0 3352.25220653
0.840040202711 0.134378146819 -0.525618655954 0.229509293325 -0.965897868676 0.11986155165 -0.491587166337 -0.221322888432 -0.842234074916 -4.32689565115 -0.87813719154 -0.0106077534021 3024.0 4032.0 3352.25220653
0.832514858087 0.13689586767 -0.536822626647 0.224526177531 -0.969215775983 0.1010384837 -0.506465207756 -0.204646771292 -0.837623240086 -4.51126456997 -0.729425084509 -0.028082555217 3024.0 4032.0 3352.25220653
0.827694789813 0.138468306761 -0.543827052416 0.217798341468 -0.972381007263 0.0838991011166 -0.517189730535 -0.187887478926 -0.834992860983 -4.64631930566 -0.573725591014 -0.0484057320535 3024.0 4032.0 3352.25220653
0.825596203405 0.139143493159 -0.546836353249 0.209699737367 -0.975369474911 0.0684135042286 -0.523848192773 -0.171153369012 -0.834439689375 -4.73058173347 -0.412748771008 -0.0713803762562 3024.0 4032.0 3352.25220653
0.826187351022 0.138953870104 -0.545991101571 0.200540503666 -0.97816756755 0.0545134495593 -0.526495932939 -0.154531652993 -0.836015550586 -4.76312959625 -0.248260835044 -0.096770255503 3024.0 4032.0 3352.25220653
0.82939684505 0.137916531102 -0.541368547174 0.190572950435 -0.980769501785 0.0421086087561 -0.525150287045 -0.13809494856 -0.839730290748 -4.7436066063 -0.0820647864132 -0.124302358579 3024.0 4032.0 3352.25220653
0.835116893238 0.136034145074 -0.532986384443 0.179999071923 -0.983175081011 0.0310981379819 -0.519788523089 -0.121907634924 -0.845552139027 -4.67222634807 0.0840193352397 -0.153669872387 3024.0 4032.0 3352.25220653
0.843202112769 0.133296454709 -0.520809228206 0.168978309733 -0.985387886892 0.0213785688504 -0.510349417421 -0.106031917498 -0.853405357734 -4.54976993899 0.24817439235 -0.184535557611 3024.0 4032.0 3352.25220653
0.853464679885 0.129682378289 -0.504757883496 0.157634864046 -0.987413871729 0.0128489514535 -0.496738653445 -0.0905335665802 -0.86316532802 -4.3775774739 0.40860605148 -0.216535486022 3024.0 4032.0 3352.25220653
0.865666730075 0.125162854756 -0.484721953527 0.146064224351 -0.989260294713 0.00541402524069 -0.478838547745 -0.0754872776942 -0.874651539814 -4.157533347 0.563562430943 -0.24928309835 3024.0 4032.0 3352.25220653
0.879511224394 0.119704639246 -0.460576601129 0.134338817383 -0.99093493934 -0.00101397176762 -0.456522823426 -0.060981516359 -0.887619381466 -3.89204561203 0.711353278779 -0.282373538073 3024.0 4032.0 3352.25220653
0.894632977116 0.113275266022 -0.432204292394 0.122512794543 -0.992445554111 -0.0065143916575 -0.429677147902 -0.0471225660721 -0.901752190093 -3.58401960676 0.850368470997 -0.315388213379 3024.0 4032.0 3352.25220653
0.910592168586 0.105849320779 -0.399521994139 0.110626039036 -0.993799467988 -0.0111578184813 -0.398225792733 -0.0340373135917 -0.916655703787 -3.23682613086 0.979095627476 -0.34789953696 3024.0 4032.0 3352.25220653
0.926873311501 0.0974159722537 -0.362513438065 0.0987074889451 -0.995003342328 -0.0150060115539 -0.362163907719 -0.0218741195589 -0.931857728862 -2.85426452564 1.0961366526 -0.379475791303 3024.0 4032.0 3352.25220653
0.942893027042 0.0879873819921 -0.321264626383 0.0867778634766 -0.996063029573 -0.0181119719375 -0.321593442043 -0.0108010058423 -0.946816242102 -2.44052106025 1.20022301945 -0.409686065659 3024.0 4032.0 3352.25220653
0.958019715084 0.0776071577601 -0.275998830749 0.0748518588068 -0.996983514494 -0.0205200160832 -0.276758784401 -0.00100044554853 -0.960938902514 -2.00012308016 1.29022963025 -0.438105210048 3024.0 4032.0 3352.25220653
0.971606837536 0.0663575285649 -0.227105331633 0.0629398594933 -0.997768915292 -0.0222657980946 -0.228076143733 0.00733962400878 -0.973615633902 -1.53788942031 1.36518710124 -0.464318751374 3024.0 4032.0 3352.25220653
0.983038853489 0.0543635750047 -0.175154829345 0.0510492028312 -0.998422520071 -0.0233762765708 -0.176149344082 0.0140382737089 -0.984263346595 -1.05887762603 1.42429233754 -0.487927717094 3024.0 4032.0 3352.25220653
0.991785158215 0.0417928807162 -0.120894809924 0.0391850457327 -0.998946830989 -0.0238696679334 -0.121765069441 0.0189363137321 -0.992378296763 -0.568328560201 1.46691728227 -0.508553312798 3024.0 4032.0 3352.25220653
0.997453726807 0.0288495638334 -0.0652208980728 0.0273509174908 -0.999343587424 -0.0237554538481 -0.0658634207372 0.0219111145709 -0.997588047677 -0.0716090031596 1.4926157442 -0.525841401626 3024.0 4032.0 3352.25220653
0.999834118495 0.0157627904035 -0.00912523594794 0.0155490859534 -0.999613744173 -0.023034504248 -0.00948479933489 0.0228887941717 -0.999693023724 0.425847125496 1.50112822923 -0.539466735543 3024.0 4032.0 3352.25220653
0.998920434571 0.00277126492344 0.0463711708716 0.0037808980262 -0.999757392343 -0.0216993379104 0.0462997862565 0.0218512367238 -0.998688566694 0.918598279494 1.49238472302 -0.549136891139 3024.0 4032.0 3352.25220653
0.994908994588 -0.00989367812868 0.100290615816 -0.00795274235887 -0.999773626392 -0.0197344840341 0.100463159301 0.0188364302405 -0.994762455322 1.40125488079 1.46650539433 -0.554595865823 3024.0 4032.0 3352.25220653
0.988171594843 -0.0220233725203 0.151762545475 -0.0196506306316 -0.999660375284 -0.0171168572568 0.152087974087 0.0139321624094 -0.988268760504 1.86853834395 1.42379921164 -0.555627293929 3024.0 4032.0 3352.25220653
0.979210915869 -0.0334430213385 0.200068854565 -0.0313101820534 -0.999414223212 -0.0138160392548 0.20041370897 0.0072646241927 -0.979684423931 2.31533888341 1.3647604883 -0.552057246374 3024.0 4032.0 3352.25220653
0.968607866195 -0.0440174958253 0.24466561182 -0.0429260002048 -0.999030244094 -0.00979438065776 0.244859470008 -0.0010156019535 -0.96955804803 2.73677147028 1.29006339436 -0.54375658201 3024.0 4032.0 3352.25220653
0.956970612791 -0.053651766289 0.285181931807 -0.0544881048709 -0.998501866554 -0.0050068868892 0.285023319542 -0.0107475793931 -0.958460326176 3.12822932577 1.2005544953 -0.530642823706 3024.0 4032.0 3352.25220653
0.944892457003 -0.0622870270017 0.321400950476 -0.0659798234784 -0.997820777488 0.000599089108454 0.32066323081 -0.0217720527578 -0.946943013135 3.48543436516 1.09724339964 -0.512681537312 3024.0 4032.0 3352.25220653
0.932922064624 -0.0698940632698 0.353229728729 -0.0773753159126 -0.996976867127 0.00708427133683 0.351666719816 -0.0339403348921 -0.935509792488 3.80448403979 0.981291618239 -0.489887197119 3024.0 4032.0 3352.25220653
0.921546246108 -0.0764653889445 0.380664630058 -0.0886366560972 -0.995958219118 0.014517884406 0.378015951356 -0.0471197417787 -0.924599194492 4.08189406385 0.853999757289 -0.462323526988 3024.0 4032.0 3352.25220653
0.911183273572 -0.0820073462485 0.403757151174 -0.0997103491764 -0.994751155522 0.0229779210165 0.399753534356 -0.0611958638177 -0.914577595408 4.31463655801 0.716793185841 -0.430103312029 3024.0 4032.0 3352.25220653
0.902183719502 -0.086532917491 0.422583234945 -0.110523130044 -0.993340357917 0.0325510531044 0.416952244258 -0.0760722519936 -0.90573938773 4.500173192 0.571206334904 -0.393387681512 3024.0 4032.0 3352.25220653
0.894835709679 -0.0900555995678 0.437217384913 -0.120976874054 -0.991709100768 0.0433319212284 0.429690177485 -0.0916681429932 -0.898311361908 4.63648296324 0.418865800477 -0.352384869438 3024.0 4032.0 3352.25220653
0.889371887573 -0.092584407593 0.447711707537 -0.130942462462 -0.989839651449 0.0554214393864 0.438031639405 -0.107914743617 -0.892458789519 4.72208430699 0.26147243584 -0.307348464904 3024.0 4032.0 3352.25220653
